[header]
width=32
height=16
tilewidth=16
tileheight=16

[tilesets]
tileset=classSprites.png,16,16,0,0

[layer]
type=Tile Layer 1
data=
4,4,4,4,4,4,4,4,4,4,4,4,4,4,4,4,4,4,4,4,4,4,4,4,4,4,4,4,4,4,4,4,
4,13,13,13,13,13,13,13,13,13,13,13,13,13,13,13,13,13,13,13,13,13,13,13,13,13,13,13,13,13,13,4,
4,13,13,13,13,13,13,13,13,13,13,13,13,13,13,13,13,13,13,13,13,13,13,13,13,13,13,13,13,13,13,4,
4,13,13,13,13,13,13,13,13,13,13,13,13,13,13,13,13,13,13,13,13,13,13,13,13,13,13,13,18,18,18,4,
4,13,13,13,13,13,13,13,13,13,13,13,13,13,13,13,13,13,13,13,13,13,13,18,18,18,18,18,18,35,35,4,
4,13,13,13,13,13,13,13,13,13,13,13,13,13,13,13,18,18,18,18,18,18,18,18,35,35,35,35,35,35,35,4,
4,13,13,13,13,13,13,13,13,13,13,13,13,13,13,13,13,13,13,13,13,13,13,13,13,13,13,13,13,13,13,4,
4,18,18,18,18,18,13,13,13,13,13,13,13,13,13,13,13,13,13,13,13,13,13,13,13,13,13,13,13,13,13,4,
4,35,35,35,35,18,18,18,18,18,18,18,18,18,13,13,13,13,13,13,13,13,13,13,13,13,13,13,13,13,13,4,
4,35,35,35,35,35,35,35,35,35,35,35,35,19,18,18,18,18,18,18,18,13,13,13,13,13,13,13,13,13,13,4,
4,13,13,13,13,13,13,13,13,13,13,13,13,13,13,13,13,13,13,13,13,13,13,13,13,13,13,13,13,13,13,4,
4,13,13,13,13,13,13,13,13,13,13,13,13,13,13,13,13,13,13,13,13,13,13,13,13,13,13,13,13,13,13,4,
4,13,13,13,13,13,13,13,13,13,13,13,13,13,13,13,13,13,13,13,13,13,13,18,18,18,18,18,18,18,18,4,
4,13,13,13,13,13,13,13,13,13,13,13,13,13,13,13,18,18,18,18,18,18,18,18,35,35,35,35,35,35,35,4,
4,13,13,13,13,13,13,13,18,18,18,18,18,18,18,18,18,35,35,35,35,35,35,35,35,35,35,35,35,35,35,4,
18,18,18,18,18,18,18,18,18,18,18,18,18,18,18,18,18,18,18,18,18,18,18,18,18,18,18,18,18,18,18,18

[Object Layer 1]
# Player
type=Player
location=42,231,0,0

[Object Layer 1]
type=key
location=169,221,0,0

[Object Layer 1]
type=key
location=197,221,0,0

[Object Layer 1]
type=key
location=227,221,0,0

[Object Layer 1]
type=key
location=290,199,0,0

[Object Layer 1]
type=key
location=318,199,0,0

[Object Layer 1]
type=key
location=389,183,0,0

[Object Layer 1]
type=key
location=423,184,0,0

[Object Layer 1]
type=key
location=35,106,0,0

[Object Layer 1]
type=key
location=62,107,0,0

[Object Layer 1]
type=key
location=127,122,0,0

[Object Layer 1]
type=key
location=164,122,0,0

[Object Layer 1]
type=key
location=257,136,0,0

[Object Layer 1]
type=key
location=298,137,0,0

[Object Layer 1]
type=key
location=269,69,0,0

[Object Layer 1]
type=key
location=314,70,0,0

[Object Layer 1]
type=key
location=375,54,0,0

[Object Layer 1]
type=key
location=413,54,0,0

[Object Layer 1]
type=key
location=465,39,0,0

